40.5919559002
60.1452789307
30.1282010078
32.4510099888
37.3215508461
21.2042181492
29.0264720917
37.6932621002
56.7088160515
34.8922410011
54.9862279892
23.6227221489
45.0085668564
22.0687570572
25.4865310192
29.4511709213
22.1935369968
48.0629761219
22.056801796
30.8093237877
31.7444779873
21.4922800064
19.5565531254
73.4443228245
58.1908471584
27.3099970818
25.0455620289
51.3924651146
25.8122520447
44.79292202
42.6875491142
65.3308389187
24.5083448887
46.3222398758
35.5327348709
46.5774390697
49.0791540146
55.0033428669
68.3683960438
21.4918689728
22.4951150417
12.7027089596
58.477396965
31.673691988
59.9314072132
51.1598339081
22.6584978104
3.8176779747
54.6672859192
74.4943819046
26.27495718
18.564196825
37.6262669563
66.1998541355
54.5586259365
25.1943778992
35.5787420273
73.7298460007
59.7474229336
29.9395480156
21.8207299709
35.1933939457
35.3156249523
69.7420549393
34.4741380215
26.3927130699
78.0063669682
51.4975950718
21.5446400642
58.491617918
10.8546209335
48.5166649818
46.4639070034
31.1504921913
31.8192389011
32.3329210281
1.99426698685
36.3979921341
51.4402220249
64.7995290756
36.989385128
40.0186350346
44.7931900024
49.9753730297
55.4406921864
37.660656929
25.4656648636
46.6064422131
53.4333589077
53.4769039154
44.1659529209
55.6669969559
26.5700919628
78.9676868916
24.2530491352
34.6063251495
67.5242919922
40.4514899254
34.1482348442
51.3504371643
65.2287211418
34.0656969547
22.0945699215
41.224419117
26.2722809315
32.3288588524
31.3992741108
24.7107410431
46.8128089905
57.2531189919
49.0179970264
59.6952409744
48.6771271229
85.4242868423
38.6759068966
52.0932719707
45.125138998
63.4280841351
21.7555880547
21.289963007
40.2306571007
27.9112029076
54.1549670696
41.698086977
59.3912060261
54.6332530975
28.2269430161
75.2751960754
38.1450231075
23.7007761002
47.8906428814
44.5405409336
23.8825280666
41.4781141281
61.3281741142
46.5031011105
36.0440421104
44.2581651211
64.4276659489
35.4896519184
37.9249081612
38.5867640972
41.2296218872
47.4454200268
27.5297241211
54.6260910034
26.8205099106
48.1423819065
52.5541908741
58.6697180271
71.0791361332
33.3329460621
52.6685519218
63.2923140526
40.08207798
47.1564750671
25.2939999104
39.2272188663
31.1050860882
67.2778201103
23.3954899311
45.3289349079
56.1007201672
54.217302084
69.5944321156
45.102763176
55.0276670456
21.8011851311
33.3672609329
46.5959689617
35.5635979176
43.9249761105
31.9705970287
35.7803518772
43.9353599548
54.9303460121
24.0933129787
46.2433950901
41.0841259956
58.7350840569
26.8769180775
64.6911480427
44.9689371586
68.897162199
42.8982799053
73.8289110661
59.0358829498
23.7393949032
70.2580339909
36.574311018
20.2548260689
69.8305361271
30.7787008286
34.2662658691
31.9391670227
47.8711259365
43.522963047
57.937016964
43.0446519852
27.5934929848
50.5807929039
54.40518713
45.9415638447
43.6112880707
55.2176511288
46.2477078438
18.1354019642
26.3081021309
37.1638119221
38.9721720219
44.3808829784
34.3667180538
42.9292860031
27.5701160431
27.427131176
36.7921919823
40.4202470779
58.956870079
58.8829162121
35.8483309746
33.3181390762
52.1630129814
35.7964828014
3.45592617989
41.7378530502
53.0872781277
37.9069740772
51.4101390839
23.7366120815
58.5484030247
45.2280490398
13.5212481022
31.9975888729
47.3530130386
62.4648849964
43.9773290157
51.1275968552
38.814453125
47.7485420704
19.2507560253
29.1699440479
61.086468935
41.0486409664
52.6617319584
44.7243490219
54.1738159657
69.0823309422
39.3879480362
58.212018013
21.3404941559
50.9223167896
57.9559719563
31.9538650513
36.4763360023
44.2836489677
67.0608439445
21.9345769882
35.198800087
68.317291975
38.6013629436
61.1194739342
26.740185976
40.0161619186
33.2747728825
42.2493040562
40.1039879322
27.4882118702
55.0392320156
24.6963140965
47.283495903
29.0776178837
1.95836210251
45.8291709423
57.5289039612
46.7324590683
20.2327740192
32.553071022
29.8996930122
41.7551929951
43.9384260178
50.9354889393
53.6375169754
20.6330928802
37.5877428055
49.0027678013
35.6767008305
38.7762470245
36.5188720226
47.5375139713
48.9379169941
38.4864778519
50.1246488094
18.7658650875
50.3013849258
2.27545690536
26.3500959873
35.2555699348
35.4406499863
39.384980917
36.7266759872
60.4406630993
40.5984120369
24.9104859829
32.9698970318
16.0862460136
46.8275439739
35.8952088356
34.0584290028
46.878164053
44.1770329475
66.0782959461
29.4027738571
53.0409650803
41.6362140179
40.8465969563
18.8410048485
23.2460649014
16.164618969
50.6099507809
40.0166928768
43.6291720867
52.989043951
42.6077029705
9.02417087555
31.6410660744
40.1204419136
16.3782250881
33.9373869896
37.7356739044
37.5011718273
16.7537209988
10.8813579082
46.0299921036
14.2726638317
48.5203180313
33.430467844
57.1648650169
29.8858180046
33.5764648914
28.5648219585
55.8763110638
39.7798321247
37.6724581718
55.2061700821
21.442168951
41.1060531139
35.3041629791
31.4264681339
40.2112820148
27.9279170036
37.6877019405
36.9803290367
35.6001451015
40.1131618023
41.6642611027
48.5261380672
36.6116259098
33.9470829964
32.7761628628
30.2787070274
66.1464891434
33.9459621906
24.1572198868
28.9395480156
26.8184528351
26.0472290516
30.1272449493
11.8953640461
30.1529769897
40.4386909008
23.1129491329
42.6975748539
23.8922591209
36.9320840836
69.6735310555
38.6489391327
31.2414939404
70.8318021297
29.6705999374
27.7589850426
27.7153811455
41.9846248627
38.9745650291
42.1221439838
28.6361680031
50.681910038
35.1628730297
39.1977710724
41.7970728874
34.5949251652
24.737293005
43.1794428825
47.6961448193
42.8939349651
23.7110579014
38.0135939121
33.0558760166
30.5864050388
24.7495241165
24.1620700359
22.2887511253
53.6615729332
56.426858902
52.8350429535
42.5468819141
37.2096819878
34.2096719742
29.3211472034
40.5308070183
58.4128811359
47.4595918655
35.3297798634
25.4620199203
43.6643390656
33.9898240566
27.3707120419
31.2913100719
50.3075330257
39.1030960083
48.9803609848
25.3254368305
31.3233261108
34.5001192093
18.318778038
28.9523921013
35.4379751682
50.45946908
32.8171699047
52.0233461857
22.1533041
39.4264888763
20.7530651093
25.8605840206
29.3557109833
20.2878341675
42.6988890171
22.6278450489
32.2407150269
31.7575349808
20.2600479126
18.1126170158
63.6014919281
50.1217269897
24.6067199707
22.6013088226
42.9090678692
24.5023229122
38.6244208813
36.65539217
54.133097887
22.1656031609
40.1178441048
38.2591469288
43.6283090115
42.0945079327
45.8908598423
60.7694032192
19.6025710106
20.4113390446
12.089838028
50.3951430321
24.8234601021
49.298448801
44.706081152
19.7022719383
3.69142413139
46.9702501297
63.3611209393
24.744879961
17.3197791576
36.8413119316
54.0357899666
47.3930990696
23.0408639908
33.6694190502
58.4221510887
51.7741382122
27.2441291809
19.4741370678
34.4068889618
35.9280810356
61.8109781742
29.8927738667
24.4743349552
68.1553180218
45.43770504
20.4713380337
50.0990791321
10.4415149689
42.8782889843
40.9291861057
29.7908158302
29.1742589474
34.0242779255
1.95297503471
33.5050771236
42.920085907
56.5256121159
36.2432880402
36.2565939426
38.627188921
44.2102861404
44.9320127964
29.2365550995
22.378633976
43.7837879658
44.9820871353
46.2783601284
39.0032179356
47.9925980568
23.5220239162
67.0572378635
22.61886096
29.3973350525
57.218403101
34.4912288189
30.624366045
42.7410931587
55.6491379738
31.1243691444
20.1845109463
41.4908928871
25.0225160122
33.6384208202
32.372713089
22.8447010517
41.6559979916
50.6736638546
42.2196090221
48.4566469193
41.7186348438
73.519163847
39.9919261932
41.7082948685
35.0669891834
52.7023921013
20.0113329887
19.3375451565
31.00522995
24.4746239185
45.1426708698
43.2012529373
49.4226849079
46.8246240616
22.9940280914
66.5506660938
33.9618711472
22.3460180759
45.4577550888
39.0509519577
22.5594289303
37.419148922
51.9741528034
42.4172258377
31.4506421089
36.5231280327
55.1322469711
28.3356630802
33.2465498447
34.6408131123
34.8036129475
40.5083668232
20.9652369022
46.5287258625
28.7507059574
40.8974831104
43.8821749687
52.2675118446
56.534101963
34.9618179798
43.9001529217
54.3489329815
34.3903670311
39.7330429554
22.0842578411
34.2934491634
25.0522480011
54.8103330135
18.8799278736
38.0653848648
47.3880908489
44.4240689278
54.4483790398
42.4719970226
46.6228659153
20.5251629353
26.3705701828
48.9478960037
27.2239749432
37.533823967
24.9215791225
31.5767021179
37.7778120041
46.9956820011
23.4529209137
47.5839319229
36.5653069019
48.0718939304
21.5291409492
51.3507790565
38.0796279907
70.1679029465
31.4406678677
61.2084658146
48.5627129078
21.4959850311
61.185833931
29.0280020237
18.0346848965
61.3404541016
28.5549349785
31.3427410126
25.2016379833
38.5875248909
37.8391320705
45.9798460007
34.5954639912
26.0510408878
43.0106399059
55.3438918591
39.6120250225
37.1947510242
46.7011940479
41.181032896
15.6732139587
21.2879648209
27.2202579975
38.1623129845
44.4174580574
34.0318179131
42.0215380192
28.2399930954
26.930521965
30.7620639801
38.4238829613
49.5020570755
54.1497797966
27.8606288433
33.8245398998
44.1472730637
